379385
29679
857084
936513
443447
382046
58463
460916
3098714
343813
118565
32093
549110
104732
203139
258303
108818
112634
184624
258142
4444
967489
21468
169395
1269081
1205938
205252
156071
2835104
70019
1190033
2492163
207087
46021
15509
141092
1423909
144969
261559
382737
1013860
376605
58003
277514
66192
55873
133656
10320
74533
186754
818976
33831
1336637
14899
22782
228644
17016
5283
667167
153451
3849196
39680
264977
457011
26656
157088
17685
168709
527845
12640
106798
248408
269590
836322
189378
23039
547290
39206
18571
14915
365305
63897
58817
56753
329265
38217
259860
20895
62350
224003
236455
495362
371360
27331
106806
1565565
187515
96117
75626
325558
184966
487545
2878700
7865
247670
1086698
173825
61566
174301
23715
33427
102190
1013106
150737
110447
493462
485265
68207
97301
16437
216679
142724
1999152
48487
18868
236212
67382
22291
75064
103634
27960
1828917
125307
55625
645600
121318
47271
39770
21694
16677
1042443
74279
16308
16785
233216
79464
1849645
2168141
17789
143588
261865
119549
109855
417030
147014
158818
66062
35015
144278
576562
86952
33943
38708
324
28395
90429
282228
162862
51032
69213
21891
2102363
65023
48575
212116
244084
594730
425740
71181
246219
118334
311895
735410
101447
158595
603317
124825
101996
34589
4171
1480595
146313
166825
147830
8233
737901
345182
652459
17820
88405
69860
3193
12018
110783
566378
54853
3456
138151
259319
4483
21055
89485
387402
1084968
1227
83012
172919
84366
2606890
87001
37208
958320
99226
1179876
24216
1056
54521
966878
35986
54017
1671019
273220
16400
77317
72053
314668
143523
287993
14584
217466
53862
121132
88448
767596
546665
11313
460766
207086
121691
14714
104849
253789
221379
3179
90626
9813
930
2694
206708
124819
69278
136957
262234
378869
28842
271175
517363
22587
83965
838375
60053
1659
20157
108948
438
91548
146760
140308
120554
245694
8621
311829
34736
153258
133853
846421
330415
12387
36495
5248691
195965
426326
197071
94460
613070
74089
79322
60939
83351
130179
1627707
178217
6802
245156
25369
81121
18214
92065
10068
976180
76681
947640
20405
26735
67824
200863
166392
69184
640507
102587
237436
345659
8610
394937
7183
340863
29947
491897
99471
449962
97747
358270
315723
256495
73227
2241945
208071
166779
547247
123482
29408
118765
3413581
103466
1135121
17622
41582
325418
29857
276335
976
17554
9125
1256133
300229
787468
936709
88984
1878
21460
163193
374222
30447
260851
2942
627
1544
51444
398452
173958
161270
113527
131711
225958
81523
53240
194653
65309
405838
53888
12532
42283
99304
28978
85725
1361523
22533
59643
21663
84310
2445
202342
74651
197244
4965
438127
69180
304609
511670
100053
3468
417703
507
102062
7226
105876
32145
198516
27446
341954
953095
31665
121680
269972
303632
10623
12144
259386
1674104
38819
30858
182418
139335
355577
42601
126065
18928
502147
52828
25621
87222
194035
36568
5680
340070
29436
774045
322041
138854
403111
4895
251603
585149
774924
29436
3616
658665
339958
676152
63293
16730
139770
488937
16234
86768
168235
85853
1469811
37433
270997
1563738
498888
167531
921020
1858527
538185
48353
586451
33260
146707
77031
68018
4732
34430
353573
518989
1080188
66573
301031
671870
214972
74086
70586
9601
73926
33795
11385
124201
65223
913593
51250
34673
410179
125981
2246188
205167
29492
416872
122806
52841
59411
83608
5301
300627
436940
2686
49744
46309
443960
8785
126040
11839
396339
214815
112067
21607
1214621
455392
29969
352006
626103
112178
129495
98403
81549
685526
46790
158290
444048
292552
1080
64488
315942
134767
49655
1053508
358886
69433
166856
191156
259576
764990
65604
2013
537160
48377
280976
206008
59857
278443
283456
387705
148543
76931
31207
237113
50904
45198
355798
66626
28709
886099
63674
391252
86831
162822
9059
496324
418519
180220
192838
982033
11580
112036
120309
1383986
28064
491437
411127
326823
1107291
1477313
1780
436700
10784
1859753
23923
16570
455126
272208
325830
22387
904593
156336
272758
346771
1034047
366437
354799
1052553
211202
20407
42833
8541
3031
107924
55373
739114
416598
369481
323
227165
4629
773011
90829
445179
11624
294158
3817
23908
65090
81792
580865
285551
160324
360313
26154
651884
119980
71609
2629615
19762
30478
20028
118988
370708
154739
102757
32562
49535
26410
18298
231443
56055
3179
63063
1480682
639612
152133
61072
316578
365796
33226
194118
323156
18999
59020
25026
34262
1270072
88552
27667
762971
3091089
16693
231614
265390
110407
88873
115261
153749
508930
239625
272932
623342
400795
48411
1744537
263925
1319647
132913
75203
2279725
783150
329160
223578
102575
105066
227366
62956
95623
60143
759438
2719739
1354426
14264
185305
1805447
288760
431130
383881
24648
6144
38238
1701495
15643
360060
496952
223313
180021
67764
981069
87889
57095
1736615
1356503
66500
525425
256206
496931
79848
12401
112525
440
1587715
92950
574210
190547
215517
105996
98120
38082
383569
29600
59801
313858
40991
215194
1072483
89910
26031
24990
732437
112236
24342
372335
162574
41449
22471
216713
55832
10287
207789
188452
96986
27900
421844
16068
69158
103185
128301
40567
59584
1199810
328819
113980
10103
10813
708211
216392
257963
4955
104442
240070
1786553
83351
174379
52029
194645
48762
388162
3641223
1502055
95437
2199
70395
50926
167198
1083410
105515
742676
13047
368338
39430
128454
402336
16637
3464
401118
72353
115898
128640
91972
6031
36870
206070
161070
428071
133694
129434
26836
1282710
6270
57638
503035
15427
115458
261905
58946
39161
90117
36508
576228
22586
138047
183264
519640
104038
119545
800883
902326
29066
32303
58998
39936
343108
322204
54582
27885
8199
162886
1279080
88601
1873
125734
200518
449111
70975
6529683
137330
283016
19189
250192
60342
255572
12119
808038
242279
255675
13580
2122
14066
106300
78509
255782
6090
508236
23612
433558
166647
70698
116220
470655
32064
3018
116059
851364
2862
456289
27393
386596
55304
881008
450923
12024
61580
1245683
149691
848556
10585
99839
40278
990751
186037
402291
82574
38261
74864
169229
58990
471494
20114
267877
40595
169079
260676
46231
572620
212525
70539
13495
325059
14989
882827
379010
10015
84127
1310
44869
158642
167847
233047
12715
399336
18488
12983
272610
1687552
172716
348593
722347
31078
139168
201769
59341
1755712
145033
1284940
143570
219156
4764
154148
1077958
1178124
411271
158566
2427
683684
41456
224208
169305
526779
82360
247087
41144
132415
369756
930603
321164
274691
38122
893923
269448
42589
18320
139785
134362
40119
252330
199269
3188253
536376
988220
1261208
103872
269673
495500
886366
172175
7032166
36218
200912
976546
1459
306505
622435
149034
720
11669
48320
66443
157597
741658
64898
169554
323774
150854
85771
18059
1162852