204586
33841
1743314
78862
565371
190616
28082
1189128
303804
212631
4445
21511
139046
338281
3558
10411
102515
1420476
106679
289754
418505
263826
30574
44830
360986
964097
66360
157524
1235050
6306
148797
624885
180293
5907
1610357
147432
4851160
3194
16640
332631
1452863
21147
732664
45688
6043
11325
165327
274165
910125
256185
1091697
86017
277373
61710
29976
7727
70577
21759
187664
69695
857324
156706
26418
75449
109388
36539
24706
365215
1142612
74420
70068
11512
244541
286798
50087
1929257
135241
68432
13075
20661
251821
127076
91355
61345
685583
4800
7925
51619
30361
64548
6402
136374
482225
141099
407169
88473
125015
124446
3344
386308
257543
197509
6013787
115085
710581
1938260
1111025
635202
843700
2064
52200
386628
1000552
221783
51124
561943
725562
16428
551454
79908
229202
130550
439276
24286
85809
328012
22397
348440
56666
21958
2980
95206
89851
1633
128318
36856
13830
667563
75288
2722
835478
14897
27681
70275
233407
235716
61965
130569
16148
263019
3560
71471
23952
513210
4584
3663
687203
92821
73751
823347
24737
19208
83865
17829
42081
180336
11278
190329
8918
173355
17663
148242
166017
9311
8026
77550
198245
388965
24851
186714
31216
21044
156622
12249
936292
48198
74734
31348
64980
5308
614897
120598
90089
22972
22143
347923
2955298
334217
124868
48806
180198
260843
70560
15055
29146
6566
155843
194990
1276255
10845
77522
95502
454330
1036233
9197
1022476
128911
19124
1550394
15302
9913
308827
250124
531402
161911
33495
5656
317387
43107
87555
2929294
1339029
34175
87091
404055
886728
110530
539720
258694
771009
4059
6998
563775
440317
99110
63601
538799
486149
112692
61535
314278
150391
4710
55863
106588
12010
214995
85386
275580
1440508
194635
649101
93142
144324
33104
217235
80289
81423
61431
882477
37225
2129
21206
105156
8387
46016
75451
351750
269222
13036
20543
100825
35307
167511
437718
254338
714371
387606
453610
3201158
30300
1973
99428
1067577
714559
60855
48146
545197
5606
152903
889783
157923
868001
88868
33909
319452
56372
154886
33172
346103
710
862060
682436
18614
3616
936476
161279
147690
90104
64075
18459
3513612
47488
335272
92711
259987
68647
1152102
563341
148811
209621
52413
2758838
379064
53094
1592048
11097
125908
15497
112500
15543
512822
453089
524808
605205
61758
164322
1532404
31669
318074
47261
124353
36584
1370291
309149
46207
1600499
230067
113230
15215
67350
26808
6841
288847
13291
259537
214996
645506
251327
153109
28861
19107
54597
153726
31057
13663
42794
214103
211494
4861
452374
71906
665202
398633
935543
57233
4074
59151
4854
449715
22695
141855
36348
112758
1486
155647
258803
571371
41735
175509
6492
581996
116581
229421
12650
345443
189918
245542
222108
407415
210211
237206
275181
251906
68258
59265
33213
175100
3252953
1222840
578852
100567
140758
616016
871167
845509
79613
77860
71323
6214
426368
2899371
67161
32527
421603
59917
40788
49295
36846
109710
4376
1655147
135036
103393
63283
590
68955
325852
1578681
4328
3780
130064
66039
195719
972278
57141
44367
208400
187153
493090
1570598
86200
119898
290142
788545
111281
16026
335973
265372
17211
181724
867482
46355
457438
387665
599671
61704
415551
16129
76233
1098533
32592
3915
293033
3849
7167
1050
320942
790287
3329025
753325
33332
812424
101644
413974
3704
60434
237666
542636
154632
28886
28543
247998
105491
225233
51338
38241
283659
1012952
128565
330601
155449
606279
1189434
30716
29572
1652307
1038051
304645
100338
50687
78725
89457
660898
233884
125542
607107
42855
23005
234163
36604
617778
42281
187055
22716
2498305
303054
88517
305800
213710
409127
160944
128376
102616
1009374
355810
77621
719277
99850
985840
379499
938561
1395051
49694
71815
1343432
59580
23080
91475
752930
47691
596142
24412
508438
325791
59000
60548
600392
406334
22873
242884
309282
13297
1090735
265419
1833758
39694
8960
45016
76389
117131
46707
1156818
295306
111723
6093678
692286
7979
124328
287898
17084
245420
148725
693125
100575
657133
124950
2900738
368323
4352873
12296
868
128436
7915
1970
329692
1151277
268153
503545
213284
201025
182798
897
1413705
138804
157338
76567
761782
5691
192
16776
125178
16183
555375
184028
279256
49475
154404
136525
1057199
895292
62464
121599
46485
141312
187896
25045
165760
27070
100572
218734
38161
20052
8474
314664
1998351
785623
134821
25277
2564
4940
132766
18966
16548
65153
156068
182576
112031
4264
291843
181664
25482
372099
85259
82033
792785
2001
36584
530784
108537
65229
583299
25590
172470
420500
72054
178530
799553
298141
266103
65497
27738
420901
3201468
62542
54435
252837
58780
226201
14709
2709998
238002
415360
556852
35728
60592
88212
2064983
959130
4117256
1185179
412
51
282186
172689
138377
25446
615106
165906
251997
21395
98061
78887
10592
838272
835564
191895
6661
85325
128199
62747
72849
554469
467
604150
27994
79632
803274
746408
299449
399857
269754
828231
3602
1554749
986055
101237
223224
265584
67541
43118
19669
658509
39978
49525
439
159028
49543
37891
11271
120417
139049
106720
186733
441033
170465
230681
18036
53058
17277
78937
20144
3027036
1123207
746178
71198
36012
13766
297918
113788
417862
2437
335225
26627
3025452
163187
64318
527934
280613
137244
1320846
697655
555308
268077
5143
4147
1964
20732
512774
450411
1410856
66633
168780
386993
340368
2995816
58974
519303
746274
114189
151278
50585
108654
5122
65316
1733444
52825
338170
268598
16076
20826
1194781
135034
48655
758519
376221
85444
123733
1199
52509
43944
63792
147361
46270
1063383
630144
403518
44076
428861
190036
126425
46501
678404
234809
3831
419834
85662
20166
153022
625757
359636
624700
10404
7739
91715
322
114854
282202
599518
570805
117627
43096
816933
122780
302847
11533
97089
206563
388840
39787
26942
867
136697
30617
86674
66224
1264280
109695
426036
192160
186396
138293
738519
4902
78266
5209
333816
81550
495385
124391
910213
173057
333854
253754
6370
113644
1260397
178954
56694
62514
15077
64227
6262006
261585
40582
510209
61751
133079
41272
5906
65376
18260
199656
143684
7135
144899
254899
67677
95547
68835
57772
158104
104682
253523
102598
192363
55341
378528
1781049
13358
7270
20474
32334
403144
27463
106316
59228
155005
60695
551707
740035
5669
153144
282027
24002
1414987
1976245
654895
45814
10321
6163
31220
949704
362128
324598
103432
297656
416460
4221
87693
29374
288377
4258
1035958
10829
1433954
28616
29815
264003
1559180
47857
655966
6679
78459
16220
29999
392856
67545
182065
102391
1114537
668723
561392
367855
31144
448020
862696
1357419
727840
376370
521624
30544
637181
148257
1856324
31345
100162
33879
274026
474281
85424
40914
102250
42894
219206
96940
61328
113149
22613
1143538