145778
37258
2332901
773193
145383
1134877
48012
502501
1341263
437437
16009
72787
984410
21465
15760
126253
229241
3329266
754872
29250
311211
42150
43550
1905887
318255
879648
13721
183272
203089
103575
10223
1815723
339030
39425
279541
1057097
710996
53085
86703
10121
462543
792133
471793
155383
114241
81149
2038
1375535
826729
830019
236616
204186
485065
182856
7690
6707
129696
12863
779143
120295
2140538
55811
35098
667840
305185
49603
39776
12698
680381
7366
68765
83874
183363
2086223
114870
1921571
72337
184676
1962
17716
125681
77286
109638
54221
139585
53226
78937
72538
9745
121354
898925
970873
924644
444681
242767
137229
157294
238434
209218
88283
768355
131807
1024755
4722
603700
2394183
1494057
633777
917013
11576
51425
55051
140015
18859
30011
134047
201081
2419
183143
90804
8703
406152
61329
6300
107144
156716
174144
109040
52682
136529
2409
1757211
59045
38187
159359
339248
2553
858128
74419
143109
1624636
307938
2082
39192
530657
14021
607324
148842
76444
4532
614340
38931
6326
2354820
19272
6693
51160
56322
55982
535521
356275
37635
10310
16461
63255
108855
363811
489563
14674
94007
147692
771992
204683
16145
364870
13063
38661
31669
209390
210998
40119
770420
297
63086
2760347
312000
38910
268950
141145
86087
184756
295580
62115
208882
50391
127385
473800
364098
79880
115324
153387
140950
702072
83217
79809
110649
29896
28098
288502
15453
64780
109498
235948
1044134
24477
421199
98756
27263
530717
400456
314044
30735
18933
829369
427666
7395
141099
740880
31752
175581
659578
777340
419197
237133
133202
74085
40148
53181
177616
347246
35898
60479
5510
93506
159079
30506
905288
1020262
163167
18176
18820
131090
807004
73207
293800
1415
127605
320271
57923
102969
63861
22653
342638
180579
60058
520791
186889
2174
128532
683585
14698
26768
26176
655862
4437
9017
146173
501963
799631
157230
7205
151658
45651
76817
604198
753772
213469
111846
307287
1022019
278378
285425
85910
177200
15281
132862
43791
396
302390
18628
2705661
199978
603559
82381
30983
62426
4778
76957
35666
425067
871758
1385599
597481
126287
52554
115789
51515
131474
444618
259665
146523
1172244
205830
13671
109431
688683
89773
676309
358070
396728
169653
427141
301720
410718
679
1965435
165412
8590
110945
12611
6412
348843
1405987
238402
103247
236461
134847
303419
171166
103843
6965
64773
189441
184474
244992
1251294
1639
88437
2720
57148
2750
68754
31896
690473
38581
159282
179716
360636
417058
73663
133010
82148
114174
308133
20818
84267
109105
63774
166897
64137
305581
104659
172842
113972
70166
68667
8824
274393
37990
135350
4397
39190
12736
784511
14311
283642
153399
460163
139003
179282
6808
493632
122035
52708
22148
579980
46009
67935
102641
34676
327461
50439
471017
465264
660530
63610
5976
410986
167275
1035159
39526
216525
346522
337130
102445
46362
55418
77179
60403
207514
51365
1329277
238834
50347
1045559
51743
1137014
735584
68275
60577
10575
171521
163378
532816
4292
40761
501249
8604
1511367
102973
36181
140376
286701
62752
592875
88063
818564
841426
22870
87024
114503
73413
109004
8631
20749
374286
4558
277072
51289
283213
149797
36332
18221
467363
210059
888466
268765
2923
223431
114550
86719
14749
27780
166214
4723
155840
14211
29715
125798
652830
494359
106345
1314992
2652
84185
61942
74131
144586
38148
66830
174937
9275
262290
592446
50539
15438
81076
31438
127850
1861
114172
68947
86734
937394
21198
1258
392945
1467878
173905
105926
665797
39600
683862
1069842
5044
39287
353369
305383
37187
203164
63370
617608
594160
224553
69785
225627
116502
72934
142892
6505
23134
786350
877311
18758
967012
2909
61872
978548
9932
1400495
317096
560711
2959799
6942
119376
359319
8528
6013
322645
487993
183597
95041
114609
176428
241198
46792
56103
295391
164356
240856
346788
1036875
4024
78693
122319
85192
50611
159763
398201
10420
78507
402922
293484
708506
102070
1233805
60781
3784
124210
249385
418536
42155
98506
1231440
7890
977933
23159
2122934
497434
6279111
395447
105402
93224
805
20596
149709
389848
32879
40484
122590
8963
363241
531380
1849304
10960
211342
121722
798391
48980
8451
126570
215279
24264
214208
10758922
604208
5889
599715
113773
34603
2201801
362212
234382
71783
109367
152368
145754
147419
311730
241603
30495
31155
44979
213765
30023
484128
426877
302040
38391
8536
41204
23633
5071
47881
135120
15602
7424
128525
34649
41487
221828
5915
1160836
158303
15782
7664
450768
43237
55221
37780
46990
132558
19298
157243
126385
207715
198280
3655160
299749
1087251
2910
114577
1223852
2956927
67398
39403
147700
46493
793
48668
2418314
31225
268561
102938
1114602
2030
21538
1093183
267828
2511027
5174331
4779
13469
98390
278651
38319
225788
235646
9225
14236
281947
2596771
114629
145875
2387136
188552
5259
581586
155599
27755
26016
6518
143416
2718
352782
172831
348590
561380
1087319
34417
263748
236219
809055
2075
2496576
252687
323089
281163
240415
177943
63291
102801
25825
43759
74565
207906
86585
52289
208429
658768
342681
6424
45519
152631
732348
165458
411456
38263
399166
177991
49620
219054
327689
661941
413879
82533
15371
215854
546933
524626
58841
3582
87930
74955
1207627
29054
10903
535297
6859
66712
32470
117097
1719157
58709
40302
92464
41617
101506
191574
219908
558828
7730
67970
1153930
43164
799858
117832
582655
2295771
127304
134909
205111
236020
44323
67834
261288
274026
831564
76876
18672
12429
24534
5036
22942
49829
367536
44120
522829
238852
17428
129379
82003
983124
218949
326900
92044
888113
93778
112904
669401
272950
42059
200326
197221
13961
142041
1230833
77306
323194
805995
271162
1184258
46034
78968
102533
16611
15258
1496330
848248
37567
142935
6778
306146
274943
1091786
4792
917571
1576819
95348
96591
74148
34430
326655
30067
47193
195437
1079494
16482
87685
13522
51932
7717
860805
84364
20826
35759
2622907
48438
148594
276051
540231
159051
2513514
1209
72945
220596
195439
216647
177566
8147
215921
30589
801909
384759
14119
1712570
40908
227334
7185
6637
212319
12078
149615
75162
48210
33125
12250
112339
37553
224576
5634
1957750
59935
132478
28607
192093
61304
20647
360054
137087
12747
862992
29729
430190
37330
229017
110197
577130
1111935
268083
693230
71739
160793
56435
49286
353441
241548
1695672
603340
20153
568
58187
142972
2513892
915921
166741
2578
31651
302228
353224
49990
29109
102534
481421
111478
594130
91955
177229
604401
525450
34229
1448513
5988
23118
26231
15884
428781
116778
8515
79292
2026975
1982980
871654
614308
278562
26411
41879
287385
1806053
415775
748
43165
108571
821610
1525058
310641
36425
34495
360586
56113
16481
146871
362874
97241
204660
235380
23273
57071
88010
188319