188141
17726
192108
96089
2893
115286
2827
35965
690269
221834
27429
88414
146486
504907
150029
908270
96566
3424652
66289
92516
428190
8569
3713
1750779
3918524
1218795
81281
436893
99738
14678
1994864
63433
72183
2175
615106
97666
241045
34765
45493
622968
899562
206715
485478
699966
10066
106174
208689
519640
8021
820799
459466
194194
561814
6947
34819
297581
114709
62959
1639767
219424
97564
12882
309452
629335
26086
269268
21188
995482
294953
11866
217466
112422
976152
261575
1263642
1140770
215933
75426
1047
26295
1955404
11546
262131
25351
878927
213442
143176
74281
29611
22393
1728050
316679
354889
969153
233134
884654
124792
279265
223027
175581
545802
42064
1143230
119618
996233
633610
1218990
1096
2538487
25966
50514
25260
1236253
17729
129398
165085
330959
71704
121491
61607
20618
1268723
219182
2058
77015
141627
42170
402067
267181
171777
908
825419
210025
76265
181049
44521
5437
1049963
113777
101607
1458397
109035
555
22163
47212
176940
274230
7367
46217
144182
284088
5732
67339
1470984
8050
39136
95217
58859
208080
28650
54382
21491
29066
22997
3018
497037
327663
58917
36409
129203
318305
135866
23587
102365
41174
107113
73188
25517
118005
337582
110460
132465
174314
73194
8418483
1133819
12635
8900
62022
38693
704381
673742
1335673
14004
1404
24344
48928
213752
25702
420030
28036
171059
523025
50393
214166
408919
407672
1790
1036395
109889
141027
3515
307547
1889338
6397
40446
16705
74920
246671
154317
418039
131205
165814
130073
11325
6965
174029
498689
89636
173095
1711043
1184750
3624
84106
26669
628053
26322
118019
202783
53803
90473
153437
268115
102927
473100
89624
1664562
834189
159011
50514
316359
136796
41103
16574
35811
36765
32392
36884
109816
758909
747555
239790
870062
164310
87919
173444
99640
8064
11350
267902
10970
71659
20364
471144
23338
37788
68972
12714
5203
1559883
65408
163074
80730
113322
466050
124310
1012816
327335
97612
17829
29024
86929
24281
476844
341744
119257
695485
301043
13366
369028
117601
282154
258419
204165
22988
40514
50894
423795
104429
325444
11599
664184
60978
28766
165943
290607
154719
70289
142748
5037
29105
66853
37101
268557
1083326
4237
44682
4336667
508342
191955
9768
50499
157382
36986
252106
345053
901887
545248
67706
69316
33009
98269
3059658
268397
924017
9143
52123
71291
234146
30580
101546
404682
28200
726763
720522
931671
633641
395770
44475
11295
41290
584
42934
384022
43593
160120
759577
277172
750080
133257
122802
82392
71238
268795
334
483089
168656
737620
107122
89144
162396
15595
21520
336627
70416
616727
55517
67679
217871
150614
186607
37888
54669
36853
70758
492532
146299
655485
166726
305023
957
591015
82238
265054
68663
30617
110787
125960
137949
1162007
196471
86163
30442
1183362
109160
70926
35738
138819
555674
1513549
88236
124042
427769
617148
209715
148492
9937
135108
107200
87679
6071
152465
3767
175515
463454
14153
485449
322317
219733
173268
35555
953035
33244
15574
23275
8763
32324
9903
2581965
240021
20453
614706
22279
334107
755663
520016
575421
933606
155241
90591
3077182
34424
25004
923556
450417
140003
281378
219517
503216
2707
131192
875700
93169
13780
271581
806288
4716678
89897
632483
24638
141564
27002
29046
281251
11706
104427
34464
86145
669954
691881
414042
28260
408193
64062
285761
36728
1273
1527938
533250
2835325
402778
5065
62346
2426928
47756
20711
26511
765372
40713
94104
660447
208422
12944
386275
205313
18705
1958681
1698109
1363839
408708
154862
15812
541723
2769433
20536
134932
374547
952398
110003
120819
38466
6822
154908
429078
5520
541539
53566
328962
84809
56215
9526
445926
145358
22853
68328
49317
433958
101424
113997
935805
395611
84800
339122
51894
36009
297762
9123
2634
53605
659648
123102
23728
16683
335134
55637
40829
3833
17001
56348
237829
164035
7505
107789
315388
69622
655224
19756
11637
482697
50414
193732
216919
70974
57006
87450
938552
158269
4404
88598
610863
643536
141052
66195
1163750
154742
395525
603054
389764
1110215
164536
36253
66399
161889
13810
221322
1288187
454185
166182
146311
139047
716997
296814
267286
10984
396782
365327
76333
86968
59794
22770
28417
59271
39865
132292
2153445
62922
89619
104492
39435
2139559
789432
9399
566715
100669
255336
248214
299010
54834
31352
349381
611039
33675
45436
5114
75549
1719564
533361
480444
12713
9860
93034
798050
30126
74205
13678
981852
23787
22225
62199
1339768
62843
37259
212675
112402
58115
301826
108186
1121582
237736
45973
29802
460637
945
1741932
834053
130682
161612
308531
72613
1119532
103738
4313
5307456
1723600
23310
72462
456713
270957
307416
66643
45275
137796
486737
1980212
729716
1899
126383
352388
576389
358813
349957
144602
75656
50099
45654
16320
136815
15050
80752
86118
453936
117749
98736
75007
2563234
74491
580315
27178
278326
95518
76470
9615
305271
22961
151998
33365
11594
91820
73158
21236
91316
2468
906415
1321
1603073
197158
17065
286315
652126
11150
181654
69639
71572
106778
273243
593857
111472
18839
607441
457002
59726
82026
230301
16112
2516990
113490
30447
75383
273015
151743
8563
272083
2824501
5204463
886591
386220
13849
53540
197914
368037
121063
4404
127509
3723
1273871
50750
595244
113102
32743
149328
1157833
512388
210892
107065
9466
38858
45464
57250
316828
203528
82204
33710
102168
49289
19712
81637
36762
791843
273994
20706
51373
14640
80872
19156
270453
81695
57383
379356
2582
170186
73125
988519
18025
38474
1584262
57524
17471
250837
51617
11593
19523
40069
60450
43882
851900
1816352
1688204
195934
29556
140287
1075466
49514
77942
301072
28308
198396
608414
53974
296710
2902409
85100
823217
43012
48154
257343
3500
320871
201794
4167211
374257
80632
65045
488070
84288
2672184
5702
184584
1880255
278526
105543
85639
123026
722553
33372
46323
210321
25448
738
381915
188661
601210
83057
847225
9424
84195
9514
302244
6828
511658
94724
133542
70765
1671490
351939
14638
661189
1441936
290969
272948
51848
2384128
3255
248420
341064
180245
74816
15078
28636
86071
573
426921
120477
180775
59516
141633
58327
1674
121897
140277
25917
1789
196115
152120
1910275
7376
19797
218291
254337
18049
1084
70976
66535
19120
1053812
46694
380384
457280
369851
157851
1030211
345468
12698
77747
132607
224224
5404090
54160
176181
58824
65325
94126
14492
388504
212024
160519
44046
287344
156312
573495
3090206
55714
61645
10568
422203
33342
358554
4724
230691
712855
1803677
27594
361574
56818
87512
43654
11613
257663
66766
205104
34109
1604315
1462816
747591
270433
161133
846753
341666
1788452
1643879
390028
204816
9011
270719
1281799
73258
120404
67680
1570
168327
29462
18490
184806
22251
260725
218436
34130
6664
114660
28212
199643