138084
36747
784507
352338
84606
27222
7382
118148
376016
308113
31997
3239
127713
80238
118199
92787
893842
261714
133802
342346
2342674
520430
362689
368855
752297
1364199
147184
100125
397785
67537
412570
2109459
24395
23753
212187
346898
1350395
1388
25931
629226
228887
183304
803145
390816
547159
147259
215408
30658
274532
987267
56946
131848
1083154
7164
36786
66880
58064
4327
437885
91344
310161
58582
9928
883930
905570
31728
4901
352923
900180
12899
51128
629558
286551
259903
71594
1074300
21761
10687
16705
1006
874633
21858
292965
34802
547098
8231
250995
91618
48356
193104
473361
127189
57592
1049493
567060
914006
572640
312404
481827
307414
261651
74593
1737357
68439
541299
937725
3664367
184081
875194
17126
126436
340416
221544
55172
70952
15090
438393
16450
286011
90266
216063
457622
119639
25620
248606
214283
2588
248499
40236
504507
6555
1824847
254990
75888
309318
345603
8614
153688
75
49581
129321
70239
23270
9573
155643
64359
1094409
149232
136595
61793
185128
121823
58456
3395433
51715
172673
113343
96991
38777
219924
35422
48442
70467
9229
228468
34172
1208085
27606
95540
100643
37893
1126113
611730
376638
67844
3618490
754589
482279
210425
945091
248543
106263
456114
156016
1448221
109121
58794
123667
356168
33085
21088
657682
369284
53767
4925
83108
193838
391911
396150
261433
262808
234559
1144337
8065
13947
17757
480098
20356
217589
7581
46200
14767
268448
787330
28104
403
87839
378
736380
254259
83817
321518
249145
49475
23067
3238
480522
118256
14190
239933
2161559
370506
252877
141372
415843
1299822
65264
128296
105204
497389
79856
128624
252102
246968
44897
7831
3885483
32027
61804
172686
646706
52031
464116
366376
117156
33237
100753
50344
30901
1374553
169541
343028
663539
168581
105446
180519
113236
25198
131391
1282601
105142
11475
31798
17139
21448
45139
118596
704145
481865
232601
71394
236503
184542
457993
602985
256768
43533
363069
276120
893990
52492
211426
8582
450963
471397
200989
255470
121696
560453
108754
599194
35848
1003739
81672
175663
34188
4387
931774
16430
1051618
242307
295468
733374
30942
58345
311472
895845
58011
217777
77648
483488
2597040
24273
248442
30282
592989
43547
1865504
343723
900965
9926
154958
700192
193756
98749
659200
306155
33935
85003
22771
78988
79637
143024
129212
249868
151800
48223
409141
233264
18040
565821
539189
4912
377807
3360
239556
55434
163930
75203
5290
221340
63843
75068
309778
12564
134799
187552
93212
64217
10936
525189
18630
44076
95699
3664
479308
12232
164311
1365320
19814
4269
186851
223757
165897
12506
1045699
7292
280659
262037
424129
99313
500081
264064
20784
703
445452
45438
1332452
529236
1975
31460
5066045
18957
176544
48106
481099
246365
56815
76769
1296259
82592
29311
263991
664623
93403
15706
26567
61625
1541895
18927
27897
160496
483023
378913
1556164
238983
289859
162861
23580
204908
99778
239870
22430
115515
791259
2528
156314
341631
48471
23478
3007
712749
92958
437860
13985
588
1406328
25174
1069554
84008
76705
354682
196728
420613
1118671
147510
223515
4914296
203518
188748
1172669
167701
393542
575207
239022
887602
72127
400966
783538
76647
60618
479830
29114
199446
107876
163749
160355
58370
60405
54456
83526
104133
66526
876203
71774
67250
57043
1064664
274711
1112941
98142
159133
1234463
3524
551721
188708
64354
113978
10718
348143
89301
1820
57653
252129
883847
273167
29189
204940
179419
22357
121887
78425
28626
2885592
34789
74833
379280
1451808
2746578
676706
243744
57059
119734
339932
96367
905804
11788
1247959
54431
448683
27094
103113
583179
108049
57208
301666
78236
33313
59727
47942
597974
240616
192700
89229
337921
19922
856492
84732
80916
88506
517187
420258
406665
43165
56147
166075
24093
335561
6010
391505
168646
626232
45056
186086
224184
55935
12999
29305
297172
46028
398537
1003623
243209
1013160
16226
1227986
98146
320066
105890
53260
411570
310665
635532
5176
1610
1044240
180837
41915
719794
97699
71876
358933
624250
843437
217924
108620
675073
12863
927860
499824
670747
18700
131676
16010
29321
1393661
1913947
77194
206189
134779
731559
776223
845158
2906552
81297
227205
74225
893499
124978
61298
49578
3410
305914
47743
1693137
44335
190494
405830
68582
342987
6485802
5800
8907
1652
525867
119306
170077
247140
325874
28698
316467
25582
222790
128940
81092
445249
689859
417553
49071
52422
36659
438125
969
124020
100858
42007
50795
124404
25225
728037
544247
25659
28079
2322123
3781
1903981
244279
217426
25043
338193
204000
758015
59927
1630051
943209
136943
95235
1712048
903743
77289
147720
26107
2408541
195866
126179
451692
875380
836008
97485
137561
2233663
384045
1019093
521645
1830455
85691
10933
213467
10969
1182788
1664834
65165
102788
634915
1573615
2108
18242
652797
1538583
334661
524457
272655
14082
217117
351099
549515
549718
74780
15577
449704
150227
6452
199223
52626
2700177
201970
6795
17255
3306451
145738
121450
172966
788464
121311
2022658
850967
376940
482469
601972
1123157
171661
23321
439526
397584
45630
3860
273740
20218
31408
508883
263122
134845
463367
5011
1941033
149861
142313
67856
194494
301513
227301
1199529
2322668
1886918
38592
109440
6458
77115
182837
78564
1706857
1770
195405
78097
1819665
28014
1196917
128956
86294
239262
121327
1704129
1041390
298648
120733
28923
3444
38723
914213
76869
127301
5633
453536
57773
2864
135453
116754
268556
917489
3331
7556
368228
1270
7039
54834
89753
329466
5470468
13169
21507
55206
1361356
41953
55069
844192
365724
53287
163137
87
57274
69508
69916
366939
25350
135209
1567454
743455
101165
117205
136965
596766
189596
36434
118018
27943
128813
896385
33162
106557
253487
183095
616625
16286
81201
320266
24667
8388
578096
1695332
318487
62513
20613
285429
56057
1973907
4702
231047
158643
302448
5293
209620
9865
420188
86539
67458
11607
196276
7402
443207
306043
116482
2047
203622
36101
123823
269542
73119
47250
831672
367097
219240
160986
944817
320690
243317
507322
364535
22995
98832
305928
3034104
71278
3736298
233011
401050
353981
2045
277366
97197
15028
691062
175311
1550046
59982
78756
150927
295202
840806
26329
54407
8361
279682
87961
403512
26151
4553
218943
286521
4123
89029
506610
309142
11239
93293
91649
148792
71647
518068
157277
503321
375297
19580
146414
112977
66874
1327460
1532680
1186623
365735
129844
28950
16930
1600645
729484
228964
72205
148967
297362
34071
743916
60663
703386
70378
2010930
10497
323165
117763
875153
471904
2911822
56980
1504092
117284
156585
4138
55302
81773
294917
118814
68067
2236968
852719
251660
293640
253585
1175307
27602
1287403
4323932
202002
90294
8663
260371
74191
743960
145716
107833
75278
117890
74436
25476
227772
2031204
168901
1361956
80846
36159
333643
81096
603238