44008
14407
45491
290951
852505
39823
69633
897117
36875
69788
31981
6549
699783
98690
100680
132121
62580
297029
78080
723017
2108057
146454
11326
590947
1317759
431770
102769
769295
149628
45341
473176
979396
353523
11900
28914
280730
823987
6357
5232
11814
4420303
431919
412949
36191
169918
15617
74339
3350205
556684
293698
595240
18940
145229
48877
1158
34386
68530
6977
480749
393841
2378175
107692
104202
40251
104408
51380
44532
222907
68058
105901
529937
181750
255945
60630
24976
3534829
398689
58476
34855
23347
261471
60498
46249
510243
489357
14139
120476
62729
37030
13194
3239504
793379
70483
233852
370955
89070
36546
74284
215119
83148
1277437
298027
498694
98641
1307442
1360602
76965
34827
310852
43166
186127
6923
644494
48973
101400
411575
326011
106553
101786
11879
257878
1264355
7488
6283
68917
237880
99638
210865
27691
83702
16178
1551427
258691
173433
1705669
103278
3646
1043814
67429
112403
365501
45381
59480
622
189979
7022
978692
812312
126074
48018
250997
231192
30947
492718
15862
79251
257606
31350
84661
404296
77016
7296
14205
27772
24066
193267
55975
309809
8610
130578
46827
364495
155456
279497
43318
479172
3689
40066
96710
359156
627313
186995
1212276
252789
104997
150209
4252
70624
334485
25112
800871
867219
760325
76421
4637
546765
51607
207314
5695
698556
66478
313176
72182
95171
76398
64240
859232
35799
488587
5636
230817
34176
112482
1326360
14069
109176
43655
35609
5639960
238863
14150
1614047
117235
139174
37021
13304
269413
354258
111943
4844
971742
783794
628328
195297
190449
884113
120313
29832
101401
433074
57439
89399
324289
37622
1328498
8586
840290
410893
1587
32897
80493
171972
191474
218235
170111
37290
325566
236399
15903
1670045
363217
19567
280224
58867
211565
847279
46556
23511
211683
3831390
16562
69707
12254
261029
3305
9808
37252
15026
975
449600
27745
61143
84230
927786
384994
563071
485770
136653
528098
1283304
22259
2148
56915
590414
1754853
101037
23198
218430
21411
115250
1490274
184162
327903
44717
5452
65182
16566
329134
32295
604156
9293
205132
174852
49365
240590
83345
240539
36524
311198
43379
1121959
2141146
19841
329883
201471
70243
55356
111516
649773
45106
93033
931978
3213193
136290
96759
2103102
8969
224982
25951
28857
13198
162013
64321
26761
264509
66382
305987
610398
92470
475180
84359
16744
188027
1073201
80045
302498
411305
108870
19859
7275
26393
82783
127395
536893
21310
34160
1206391
422983
77091
97727
117671
29622
53132
1018714
67941
301
126178
123219
6413
323850
197780
102910
657577
113441
298196
68892
538
25535
12987
21978
51751
28617
9397
407398
59723
170149
54043
464595
784246
117320
1417
1229091
74114
19254
23982
347687
43814
161101
46894
605232
908651
12267
108273
44538
224929
8999
16113
21607
1343489
180028
343808
248368
164095
220865
649502
131652
9433
105667
1961
73331
27173
1066379
19085
208406
193755
21861
220997
152641
8106
282605
19481
31275
669
318420
2727
18756
132254
99707
675498
55469
49912
717461
70660
61825
695290
179597
104809
121449
90602
114502
957540
243739
39090
1139395
2537184
217543
180863
53214
73458
122512
42118
302071
12074
194866
991377
410671
229389
149843
20831
29191
1101637
35672
25570
180848
73051
107795
15029
742529
95868
1524441
118419
77191
260250
306038
992057
38916
31159
662661
77198
31212
189009
183939
83257
1454991
228019
24609
58584
222779
74295
184588
67379
107578
54102
436986
139754
146558
518991
4069919
1160538
727008
176906
44540
391119
1753394
17239
97361
146381
3264931
64200
9144
9830
90746
8631
168162
24133
318654
13143
291764
46212
213939
383610
232336
23412
20587
108883
95751
1093242
366035
116378
193540
231307
1876734
2127923
18586
83499
181120
172419
12128
313588
143960
94963
416815
26034
519761
387717
53551
21562
53833
624505
66397
97516
957962
298504
843317
173893
729529
16622
1623
386494
210138
728954
1414113
214742
472066
57908
333456
162709
11094
287219
100270
761006
101830
95146
437797
887072
1833704
164405
421217
1103805
1653345
31656
71121
108180
89430
104419
629849
2136877
947940
2123295
278360
272238
502113
173892
793719
98701
106085
139243
162386
45850
57626
114608
9543
175728
179485
419350
117429
22747
294509
89803
4844000
325033
34570
161158
1337
155878
170995
48329
70220
36966
7258
735335
47552
110658
122602
26417
616647
120509
101143
29878
51403
202165
623412
55663
82893
53681
239495
30390
239338
7582
1474604
628272
42000
161953
225890
12149
173240
413097
269666
1735833
136100
174827
278756
16786
757902
364633
14655
175752
3095873
155444
12601
2753
125950
248971
32872
12683
76964
919512
171239
15155
83784
222364
8969
696027
14104
1392569
90624
8886
311378
261943
568909
334236
52346
22231
95354
40515
4042
258929
172655
403629
132968
374946
369472
74501
29831
1358230
1618411
4995
43685
135189
259249
22717
25645
153388
25767
250250
400878
200758
75229
1176171
74832
97102
35776
237316
12145
152892
5190
111608
757406
16006
463085
127624
41463
446268
109888
58174
73909
33853
85762
157087
126353
158302
71039
147700
14990
7431310
199097
366643
46526
258863
20339
144225
109421
4397532
2058349
649999
12638
2172
17229
724891
33201
621100
1610
125293
20669
2686611
171210
1207538
34820
89637
51769
137097
1505892
289556
77607
168314
124150
5199
57271
45499
271588
390642
83743
5041
421908
120925
29370
42732
25904
230123
21343
32623
307671
75050
673
12011
1056555
49402
2239001
36233
150814
55145
391747
38655
40408
869342
184439
74819
275171
2733
49849
98574
41731
665222
7100
458077
1824924
3445939
186704
316071
125488
80048
31446
190280
330404
11182
596496
1167877
2878
631669
3003329
783383
267100
43904
49945
61327
3466
29705
657507
2075800
83011
475047
46217
1067651
269256
207567
49334
37536
513764
435252
17112
2733
31231
124518
63131
116892
68123
1344830
11259
68640
9701
4097
73252
5754138
8742
7338
103640
1438537
107907
97590
15322
150606
5075
245389
17856
81075
1133899
597085
235214
164154
57981
944050
74311
238279
466529
16648
388960
200442
184369
26599
57257
49072
100004
1203458
465954
14513
316117
52850
503491
16831
85748
22031
235554
114257
749183
6266
5611
173691
68621
260368
62113
65297
9777
60907
513823
45903
16078
160095
1369211
199248
537833
37805
1700
403591
28632
4170
40704
2830769
683403
169154
14433
143619
33406
124688
857363
262831
268571
362010
983840
79340
24223
2567
65292
7150
282757
65111
194176
159925
160113
848078
140012
43595
542089
7381
22233
23495
33671
360419
114030
211827
17574
3743073
109504
221398
61141
272041
894940
204746
185075
215622
2896454
662340
20829
201612
1054284
289004
123048
2036
3289
221867
524418
54991
682853
444272
471
274194
810620
46589
64106
125054
1156186