110
46
723
1647
249
204
30
407
1020
408
175
33
899
48
106
71
128
1660
332
101
404
399
367
3066
291
986
53
143
899
294
1630
501
776
49
135
675
3088
30
1061
605
315
406
192
122
960
399
36
825
1056
305
726
671
663
106
287
223
168
195
866
402
435
116
61
113
116
17
47
238
412
207
65
572
202
731
260
730
67
194
284
44
972
347
25
268
2834
35
343
76
94
81
564
504
615
323
1432
1037
891
308
106
319
875
282
3786
118
1619
1691
64
613
221
75
35
150
1453
93
65
235
720
457
769
553
299
109
294
28
197
107
71
50
601
234
14
858
83
189
181
152
80
170
708
186
4144
448
558
299
12
341
1365
145
52
81
230
48
52
3442
22
1271
55
34
654
99
192
155
582
186
63
1129
489
503
412
121
164
918
395
724
30
7858
589
56
471
339
94
120
728
228
1007
164
108
739
354
57
539
1331
1144
451
28
330
117
142
265
340
42
648
256
75
490
413
839
2
2838
33
137
65
80
92
3
275
319
212
999
177
24
294
39
1143
519
129
60
837
103
95
491
609
664
219
126
727
49
291
219
1242
152
51
539
419
194
18
983
123
146
43
182
138
1476
6
463
57
203
150
25
183
19
234
95
517
196
1184
391
56
173
309
50
129
102
783
32
406
37
895
429
1324
77
140
10
122
176
532
2359
1874
117
2540
15
149
111
1497
164
24
145
40
183
472
46
209
998
81
390
120
17
431
98
602
280
899
165
134
318
574
939
144
104
59
170
495
83
65
97
950
214
1604
2579
1299
89
47
834
152
484
110
273
301
8
151
9
367
411
709
1265
209
312
893
56
1022
715
481
71
32
139
2463
2778
51
90
66
100
170
129
1313
161
401
284
218
464
747
369
725
219
1338
60
152
115
903
1270
160
237
315
629
600
120
2316
167
831
6280
161
18
100
344
535
53
282
79
202
30
31
13
1429
31
1106
94
794
937
818
134
547
110
162
57
312
373
293
37
361
749
926
77
79
624
243
138
702
60
83
325
527
75
769
201
140
239
28
1611
2030
10
72
45
738
444
601
32
221
157
167
11824
16
84
303
924
222
349
139
139
258
64
195
2675
1971
319
1531
1137
696
198
271
30
259
172
47
227
539
212
528
1357
368
1622
537
844
206
152
494
168
104
35
1502
53
651
102
464
1574
30
217
617
86
65
18
122
231
227
1094
1028
42
242
89
116
930
159
10
107
87
1688
72
417
4397
2548
2049
149
567
155
1268
1564
48
913
520
383
175
116
69
622
128
26
21
1947
153
88
25
359
87
492
60
488
321
184
1741
66
87
467
413
389
1185
33
198
278
154
80
63
4645
272
106
3
43
223
102
146
137
303
36
22
253
74
472
100
500
85
298
33
64
454
761
977
65
184
189
130
104
250
768
1660
289
482
609
147
92
598
1240
220
2189
1598
165
80
159
477
1418
137
562
376
823
52
86
1452
155
632
978
471
462
187
53
2553
275
169
92
1249
136
60
258
188
1381
218
169
65
53
51
437
114
393
1429
23
540
73
74
145
367
1119
119
188
218
47
276
57
15
170
16
12084
60
195
115
176
136
15
460
1295
170
71
382
485
37
856
254
19
187
967
1172
60
349
901
213
881
128
558
1115
1798
565
586
317
768
334
297
995
277
1076
564
186
471
170
111
83
76
114
134
184
636
4346
182
202
1020
299
468
503
818
585
107
724
351
861
235
492
87
89
67
2146
68
503
808
284
668
1346
371
309
329
797
117
2489
1670
162
528
265
740
110
109
1255
16
714
876
307
227
271
1285
72
321
316
194
137
12
264
85
431
66
321
306
610
896
363
26
62
243
818
460
2245
15
163
250
420
90
6504
123
101
56
57
1314
270
44
229
58
39
64
1618
175
1890
64
132
14
2202
2731
114
785
1027
91
271
87
90
45
884
510
59
331
280
631
223
2222
104
88
319
337
683
103
87
35
96
176
1646
52
836
263
279
95
1282
662
146
17
132
37
94
55
988
24
441
263
74
393
163
19
181
44
283
1486
475
51
294
86
119
266
180
62
234
1580
75
36
210
50
315
853
604
527
252
38
192
221
189
78
2411
52
257
89
1448
164
58
777
3985
33
853
772
254
1074
2960
36
869
403
1054
336
1108
127
92
1689
452
619
34
161
6
282
2582
371
151
348
32
756
883
198
198
101
64
2552
454
25
21
1416
1314
36
39
76
303
4692
37
598
24
95
168
466
160
108
2311
478
264
355
1050
469
1066
181
288
42
363
2394
653
195
669
442
226
1392
95
152
131
2804
136
1702
200
1462
122
104
16
953
128
75
4
39
458
31
499
561
55
161
640
1113
154
609
751
553
227
125
511
87
294
1002
133
74
153
17
89
61
43
1919
400
51
590
105
17
120
36
324