404
54
186
727
197
25
203
3143
1662
31
150
57
1177
48
99
576
928
1252
853
330
183
144
83
337
13
1735
373
324
398
166
387
874
131
18
626
223
930
23
123
101
231
91
777
2021
480
304
1158
328
999
772
1085
507
134
13
262
379
75
47
1194
1314
223
52
66
103
396
138
164
50
2142
33
261
233
1455
46
162
612
195
61
14
254
123
323
85
1870
1572
92
508
154
98
841
106
134
414
17
321
2940
229
231
210
440
201
525
1232
83
492
167
1017
262
1299
99
451
357
1366
22
81
291
3814
109
40
21
357
139
1132
273
12
206
237
219
399
732
69
4298
229
129
1171
1391
101
665
30
109
744
217
69
185
89
1240
107
165
102
26
42
256
35
2433
50
68
295
48
30
332
147
584
39
55
23
473
153
1964
61
174
26
1267
1390
887
100
1082
322
1545
15
1360
188
27
49
902
1631
134
16
151
384
46
1348
1189
686
244
58
131
341
99
54
62
390
187
985
261
624
52
174
24
1914
157
116
258
261
211
100
44
117
103
1012
825
1026
207
237
768
74
20
98
276
122
75
689
852
1295
167
126
870
89
413
144
516
281
140
84
974
355
24
548
1787
285
200
145
395
95
14
38
355
767
232
78
290
149
373
649
531
107
375
115
317
14
122
196
587
37
695
21
155
278
702
1839
444
35
198
323
447
25
275
2976
63
332
174
332
564
66
889
700
349
89
94
687
256
322
353
596
714
109
35
29
286
21
99
21
3429
47
176
219
1061
211
80
45
204
399
184
286
3337
30
197
358
233
1075
260
966
610
1337
17
289
565
140
756
107
347
16
745
764
30
591
91
310
64
131
556
300
614
15
248
904
2874
505
159
105
64
236
84
105
187
148
314
21
575
662
147
122
113
65
496
8
944
101
297
1757
45
920
82
227
333
102
1578
29
330
335
332
73
95
254
942
31
563
3067
21
231
186
110
241
92
262
70
58
241
252
61
52
239
109
79
774
115
275
189
844
4965
991
413
420
29
241
290
63
73
113
266
54
58
219
339
409
453
171
2142
391
186
116
101
334
33
25
47
180
136
161
10927
240
197
354
2214
219
1200
222
20
777
52
47
1823
156
501
334
2545
460
53
2451
163
121
107
408
104
395
83
2290
804
298
202
72
918
169
126
1004
36
269
44
1046
174
240
107
361
377
92
194
731
232
500
21
953
160
244
498
7326
787
247
25
119
246
125
162
528
156
569
242
73
194
190
1855
427
158
53
552
688
232
444
129
1618
487
181
97
1139
524
17
8
2030
267
53
216
113
1434
1291
2838
220
790
341
542
233
101
2868
1258
173
335
135
195
428
10
218
59
531
56
423
313
469
114
30
43
2150
75
31
611
2265
50
134
236
1540
23
276
301
48
245
80
154
306
107
97
89
61
567
252
556
217
316
315
4038
449
447
1386
2378
507
505
88
33
56
181
1495
226
366
904
19
832
1624
391
1678
83
687
59
265
152
86
7
189
258
90
2622
379
25
697
45
2261
832
949
60
16
263
482
25
551
167
41
120
82
97
73
834
38
963
220
121
37
213
773
64
206
91
2988
220
194
17
206
197
32
345
134
107
210
204
303
932
52
65
783
159
469
2053
249
66
1636
292
538
151
65
649
4078
111
513
1242
237
127
52
93
448
72
125
623
34
62
274
101
416
2742
43
24
14
1372
34
313
927
18
1066
528
175
49
255
886
436
1401
51
277
113
184
99
365
117
407
112
100
2398
146
209
1160
118
347
42
1168
2353
164
317
381
2502
28
423
39
157
378
170
52
79
133
799
284
117
186
565
11
255
539
124
102
140
47
503
989
1631
1446
202
258
366
1408
40
1697
108
367
467
650
118
1753
155
170
115
1064
2009
104
1309
302
163
78
25
177
254
1210
62
845
195
111
1185
112
147
100
764
991
140
51
56
761
819
75
108
243
362
209
1740
58
1330
3974
99
482
27
27
76
68
107
1926
83
1370
442
285
96
504
146
207
75
213
344
236
458
336
30
125
3845
1082
1222
146
103
179
52
212
1549
706
274
438
161
202
26
179
22
141
1092
293
101
79
182
99
340
428
316
1298
5
1446
184
222
168
393
69
244
49
410
177
413
214
3131
837
875
134
1025
74
3086
181
232
1389
1105
341
724
519
404
1121
83
96
420
104
2605
260
1105
54
83
481
220
338
25
174
70
11
35
666
113
655
297
90
247
285
138
512
213
2712
517
171
34
1047
56
120
239
32
264
439
323
960
81
917
53
264
228
103
1527
346
299
20
272
25
162
632
77
176
76
295
11
329
308
644
284
67
37
423
75
203
201
42
27
149
164
672
757
152
52
856
387
1010
129
262
1152
615
797
122
238
932
102
514
80
53
78
238
31
1273
242
185
1319
220
82
256
232
1446