201
159
1599
2108
2379
427
68
434
340
438
76
151
868
81
53
58
737
1439
854
52
101
50
492
373
61
88
203
309
729
350
518
1551
350
23
806
989
112
87
387
961
1525
258
396
168
578
114
181
259
342
3764
1209
179
649
260
66
71
495
336
969
590
546
208
199
198
68
368
44
9
639
86
88
1079
465
288
63
129
522
372
43
22
92
76
93
1554
1213
519
207
479
119
231
647
248
194
1407
559
637
314
1309
37
46
148
118
39
153
1192
952
661
129
425
122
44
218
330
289
515
161
125
20
1359
92
172
683
2190
99
74
230
225
705
73
71
31
151
26
119
184
981
15
307
171
188
3124
176
60
77
610
402
303
386
273
21
522
57
38
2014
41
67
251
289
179
112
209
10
56
24
11
1084
42
947
48
115
24
2413
752
42
499
9808
253
122
38
991
282
189
1230
179
1170
132
45
280
187
148
1841
1063
2072
107
51
157
134
384
184
815
473
144
1110
79
110
845
848
49
343
57
364
177
148
325
44
422
181
67
1754
179
62
278
1885
6311
34
76
222
856
65
341
477
328
930
1003
6
43
557
791
110
1181
130
32
754
23
288
59
197
893
356
57
28
190
117
387
67
151
354
130
206
347
91
196
976
1766
204
338
48
106
13
240
32
75
134
336
31
399
145
72
1461
15
89
270
159
467
747
368
1383
477
561
366
238
33
138
1048
16
299
527
102
169
17
1390
38
310
495
129
71
136
940
79
703
522
702
158
60
334
83
71
192
147
176
154
247
67
239
437
326
362
150
928
334
1081
159
1266
498
155
320
284
72
113
146
15
1192
1177
1090
1787
230
445
1656
278
768
900
954
154
666
177
1222
562
159
48
51
1047
451
426
1318
182
791
1646
198
124
472
659
91
90
825
107
370
251
483
1071
53
328
169
281
27
335
5470
255
143
11067
329
138
91
28
27
11
802
145
156
512
1268
67
1177
63
2408
49
99
163
703
428
199
354
50
435
816
102
500
259
19
3918
878
454
70
884
389
229
134
105
42
22
139
18
173
45
283
4482
123
1565
643
39
161
59
188
27
1336
186
55
528
154
2861
115
108
346
351
50
62
673
29
5725
394
63
17
347
1398
181
689
404
139
488
42
105
251
1159
153
38
573
915
593
287
117
457
378
119
35
1909
393
264
364
1251
204
443
132
334
1467
82
135
146
63
293
141
186
179
76
83
1102
841
406
48
113
72
168
51
92
212
884
103
178
870
1045
694
237
376
233
151
659
198
130
23
298
1213
475
51
62
360
394
66
1542
86
251
667
55
342
307
766
133
1081
988
518
127
127
580
77
1233
67
42
404
687
73
47
71
3177
65
2607
22
209
112
970
45
39
148
119
817
351
332
72
41
486
101
276
314
148
231
656
244
4022
382
120
230
10
318
143
1002
618
129
633
3276
78
2038
1009
524
2362
773
151
95
69
92
484
1937
441
694
183
360
145
162
1175
380
1225
15
3674
46
163
2629
119
456
448
242
82
96
820
109
345
973
962
10
14
972
307
250
232
199
23
916
293
120
300
360
523
530
301
168
91
124
764
365
137
216
3814
186
332
90
140
58
26
509
2611
59
1704
419
114
1715
839
203
1248
37
285
1694
59
109
748
76
3740
54
198
5141
258
27
27
931
205
219
73
2532
670
1950
160
371
297
90
287
372
983
676
158
71
66
1055
22
274
134
137
104
288
1158
159
471
31
473
398
1379
93
47
29
51
215
35
119
261
14
770
340
221
326
674
44
190
1593
80
336
71
243
1443
154
213
113
254
112
162
179
159
496
933
309
208
86
202
371
138
455
79
312
201
26
1245
181
846
267
66
302
439
134
142
1742
197
36
232
91
51
149
218
98
354
1878
437
425
237
8
402
58
137
77
100
2190
111
341
94
198
890
42
3911
265
49
299
317
82
197
902
474
425
958
93
149
128
1065
64
815
1485
141
329
59
19
45
72
117
1052
42
73
226
108
217
330
412
127
671
93
223
10
615
2296
33
285
37
183
1129
515
256
816
214
1779
1659
405
110
95
110
1113
217
220
13
1103
393
71
59
15
120
398
56
142
62
155
39
115
221
105
143
910
28
666
43
180
24
317
37
901
57
2054
122
66
184
3531
930
73
283
802
46
39
380
192
3780
1064
526
226
24
671
561
310
127
144
238
1303
466
49
144
129
750
22
29
1404
680
44
494
622
19
178
115
42
239
375
348
169
63
153
1486
165
10
16
81
71
46
111
273
73
44
68
24
2164
448
1714
8
95
117
162
2044
302
37
488
878
77
949
161
537
337
354
63
3221
75
62
85
154
70
529
108
307
2324
1599
336
421
418
254
337
26
2131
554
565
634
248
4775
437
766
130
36
1397
1387
66
1180
453
290
352
265
81
88
7
814