44
79
345
1204
124
86
52
6
245
415
442
36
76
131
330
589
317
3805
896
305
201
54
200
662
55
96
243
69
2871
916
461
155
504
35
334
1105
1775
30
15
505
641
480
2334
372
56
137
423
425
611
660
663
245
516
34
258
323
171
403
895
414
150
99
131
9
365
705
174
28
217
43
73
1125
1463
168
137
112
189
269
36
418
1574
152
8
686
420
342
18
51
56
152
203
918
69
949
161
899
623
363
486
19
54
1
1450
86
835
301
536
447
171
109
68
112
291
162
62
413
1791
19
454
296
51
190
410
39
344
348
52
71
76
609
143
1232
214
121
1740
450
53
23
278
699
2959
17
38
29
37
57
1363
689
730
143
78
30
51
89
184
48
720
29
113
1346
229
143
61
16
67
937
4396
71
23
492
238
3073
253
253
272
17
951
858
899
575
435
609
1192
316
301
48
105
95
47
13
980
262
217
465
112
180
34
1150
403
302
410
330
222
165
439
20
1526
16
755
11
162
390
588
598
129
1189
255
102
223
316
480
172
1972
480
640
106
14
54
74
4
565
605
385
807
78
737
87
174
453
157
93
140
680
706
361
70
1679
750
1041
283
451
45
662
75
777
131
87
34
36
444
294
108
1497
472
18
77
55
59
93
11
177
226
12
2106
30
12
303
1655
2225
372
135
350
113
102
171
903
200
462
74
851
56
449
429
778
1209
42
560
34
1028
1102
515
233
476
551
129
308
172
636
40
40
322
1212
170
533
126
645
1074
143
17
50
180
487
197
258
927
475
28
1050
946
65
1003
262
1451
55
81
434
584
63
35
95
36
506
324
167
169
620
267
3221
74
303
47
489
434
328
825
676
408
539
86
21
63
26
962
50
59
446
46
81
3255
3
532
197
202
1226
64
116
141
72
2443
104
412
41
1559
10
626
790
101
620
134
911
180
47
121
86
11
18
2252
453
581
429
162
13157
53
324
268
115
41
845
169
190
50
4
439
235
1204
132
70
1071
281
216
885
98
421
823
100
280
68
352
114
155
41
254
76
200
2576
126
9221
1096
31
213
88
101
44
330
136
21
39
587
7623
220
25
18
239
22
272
618
465
5096
154
138
2380
297
2449
1014
3089
3777
440
271
140
43
90
1171
229
332
630
1258
78
219
46
4
546
146
57
1021
37
42
47
79
25
247
547
209
454
165
670
125
225
342
160
601
319
128
169
925
1127
151
9
641
151
19
173
155
99
2780
417
348
4153
2906
403
46
1568
101
199
925
43
589
114
750
186
517
116
161
127
383
52
2202
162
166
99
35
939
1177
133
200
863
137
112
248
82
1568
961
279
85
92
65
370
385
333
156
1035
19
150
38
617
358
341
148
114
218
24
100
208
168
42
160
1085
214
493
229
45
108
1446
237
1391
71
590
1261
55
287
19
362
601
68
41
732
114
21
502
80
1416
339
234
196
26
147
751
937
226
682
595
459
39
37
221
274
1013
50
2209
75
89
100
299
1191
171
674
819
126
334
117
1621
573
335
126
65
43
885
19
67
619
169
115
175
109
27
183
365
454
204
19
21
164
1023
53
340
56
165
78
53
18
213
259
212
391
415
64
1301
132
193
574
942
91
2139
102
1662
3495
248
175
472
70
2135
132
79
3583
4098
42
207
538
648
377
89
651
564
267
1160
1110
178
212
636
135
693
1166
81
31
129
898
214
141
1096
206
406
94
2852
248
5
525
137
614
65
31
271
50
143
160
37
1548
171
239
3471
1116
828
418
156
288
52
630
16
71
110
188
3200
247
540
588
134
488
27
111
119
276
522
338
27
1602
782
41
127
290
37
100
150
50
2358
5160
287
122
420
47
54
574
37
724
23
478
1018
1629
17
2537
48
106
225
169
266
972
118
195
75
184
199
615
129
1292
82
595
46
46
2744
162
1462
743
829
1582
233
67
31
887
557
245
195
71
72
638
254
22
73
2571
28
148
241
44
37
274
26
688
97
201
176
665
251
281
372
63
59
10
16
28
826
109
24
74
194
835
205
29
51
295
32
882
2229
133
19
1518
71
704
276
3651
31
105
1072
333
139
115
96
456
221
372
108
351
57
491
275
449
113
782
56
257
131
1376
189
352
602
454
111
562
6121
563
990
333
301
201
250
856
143
588
372
48
2323
217
403
201
287
16
252
1355
55
228
45
51
966
16
27
171
615
58
632
84
42
157
1811
426
46
253
78
164
12
80
164
250
2680
124
293
231
51
352
507
27
570
848
40
667
91
160
26
751
16
6233
58
111
305
99
883
319
28
149
889
197
1130
76
60
160
1902
111
2995
181
170
189
89
577
180
251
30
1025
270
61
394
28
548
1392
754
792
152
255
406
206
50
79
61
439
82
35
327
36
46
1027
41
192
104
254
167
70
3627