614
73
313
2559
345
91
278
458
1518
284
36
26
74
76
103
726
101
3000
22
76
713
644
46
318
923
378
545
55
769
198
434
946
1079
105
47
244
217
158
550
290
156
357
4367
2352
261
51
154
116
171
2160
1173
476
1522
256
45
476
89
48
114
746
199
42
73
1533
162
374
128
278
2427
38
26
319
685
908
145
982
74
684
65
34
104
16
108
2735
857
129
75
33
548
490
1078
369
49
795
1261
846
58
202
274
690
176
509
308
392
559
47
267
16
1415
130
199
446
375
251
278
1552
1099
35
124
25
211
24
1443
21
198
261
29
578
132
391
17
2860
409
42
1781
131
56
1260
381
54
1790
11
73
57
397
45
1415
461
552
343
143
165
69
797
110
523
1204
77
121
745
1363
47
82
150
138
144
1863
2406
154
38
109
2202
277
320
371
90
228
245
67
642
33
116
705
667
490
222
131
115
125
7
246
821
1540
98
70
67
181
97
992
207
931
68
1004
170
1134
96
910
43
170
47
183
43
29
322
47
157
60
262
494
369
89
42
176
711
151
7
169
810
105
64
259
1848
94
1970
17
1343
266
849
237
960
415
527
192
281
198
60
3354
171
725
197
430
426
918
1642
448
454
118
67
63
2011
299
491
1134
67
13
125
771
50
57
384
39
165
53
74
15
69
165
1030
915
513
99
134
71
123
574
107
1620
457
512
83
456
350
112
284
212
305
215
313
98
126
65
361
257
442
90
139
52
495
10
447
438
135
137
66
294
1857
77
109
340
212
451
258
95
698
382
97
422
6045
134
89
163
729
1813
192
213
485
109
980
895
26
27
545
297
46
449
236
204
1695
49
780
432
564
242
1318
2144
3369
3007
412
50
92
63
216
1135
264
327
325
370
77
1505
291
42
272
280
58
108
364
145
3194
30
8
135
19
119
436
35
472
107
827
3621
56
218
213
187
110
41
188
1191
381
509
1825
135
276
124
583
39
55
252
1769
50
84
2025
31
69
1835
285
77
43
155
198
738
451
93
281
1773
1231
234
27
119
28
47
19
320
507
566
222
169
380
278
111
227
65
142
103
255
130
294
349
155
16498
94
208
84
120
857
678
394
60
10
35
149
774
3541
1094
1006
512
158
378
872
157
173
51
349
237
122
879
1856
135
378
240
30
394
226
46
15
16
67
257
633
319
49
760
96
65
96
557
87
43
91
74
107
24
37
278
821
117
801
25
475
840
130
249
454
432
1116
65
297
218
2275
199
682
204
72
244
1697
266
536
207
1983
309
73
37
1154
633
344
30
699
24
402
95
320
135
37
105
23
1988
194
119
83
19
2633
2137
1338
483
26
158
759
209
303
121
382
61
240
93
1289
175
611
71
586
113
101
442
261
42
341
189
225
23
181
885
613
115
1602
208
696
204
403
548
69
76
17
442
566
356
994
477
152
1439
160
1616
543
447
123
309
130
274
1918
1629
582
23
393
256
2996
509
4559
468
182
45
1338
44
30
1405
118
55
542
218
257
178
280
43
749
518
516
59
65
373
477
224
61
1112
260
382
341
153
682
289
767
360
77
55
92
44
69
94
218
38
1796
243
33
175
729
221
88
1042
238
218
254
296
194
293
892
111
16
84
1043
66
44
149
1552
159
459
796
491
5562
344
121
1758
71
26
111
19
725
601
2577
447
40
378
25
16
90
548
1019
16
273
312
208
25
673
1367
499
529
576
1219
167
139
331
81
336
93
328
204
453
296
1033
38
1155
186
267
289
712
47
115
1069
1416
107
3019
3041
68
293
17
89
116
68
98
134
193
495
127
159
458
72
820
96
61
318
841
319
349
189
25
54
480
5030
200
131
399
38
57
359
294
859
510
50
90
163
4039
73
2113
209
428
313
262
865
347
33
162
167
39
48
418
150
3207
86
249
568
563
888
398
8077
1504
225
732
42
50
105
74
91
54
11
271
323
23
394
153
250
1038
42
75
143
20
88
223
34
586
297
1632
152
2109
41
374
181
171
101
58
917
208
77
970
73
914
327
72
979
20
81
408
37
264
274
117
211
398
93
2135
667
617
27
46
57
49
14
31
128
200
496
172
36
1139
148
1033
31
166
88
867
95
511
672
760
21
480
305
834
256
153
2674
740
234
1452
1124
1275
1153
351
118
964
1358
102
3121
432
843
52
117
565
1402
653
324
412
82
225
1268
86
239
35
911
43
1973
18
814
129
572
351
173
270
55
517
9850
110
100
241
335
204
2999
588
49
266
338
303
28
1488
47
1029
503
385
41
461
1187
438
215
575
1014
159
5161
74
186
238
621
119
141
268
119
178
265
71
1911
138
59
48
173
362
127
1517
218
1063
120
853
1662
160
51
774
6467
774
38
577
108
1487
162
503
95
755
124
672
186
27
129
511
240
315
314
114
377
64
2606