24
17
2150
1497
623
470
45
1727
1985
45
50
84
874
149
132
222
11
3605
156
20
648
111
36
1405
1590
2336
574
360
3657
162
1919
1613
522
176
1569
1174
9175
19
650
20
151
612
1107
545
649
566
1695
44
757
50
1948
21
153
168
105
275
261
24
1711
58
229
332
406
275
111
46
342
292
931
17
113
45
261
509
177
744
284
313
25
250
3470
201
206
718
6420
27
1397
81
23
143
1373
211
171
398
1394
539
2139
1266
19
826
1053
763
1697
46
294
1596
448
208
590
78
49
101
332
27
960
744
281
125
50
329
94
141
2081
31
659
337
139
113
54
28
32
4847
54
162
16604
743
59
226
1947
224
468
55
20
74
688
751
1785
380
371
544
82
36
60
1777
34
357
2476
150
260
150
418
21
417
85
34
4828
16
102
141
115
180
509
880
356
104
2849
45
951
692
1041
211
119
1476
46
646
388
174
36
950
31
309
391
1602
35
50
175
261
4498
160
404
106
407
238
56
300
132
5382
38
1074
138
815
145
565
86
65
154
432
150
739
492
254
1018
46
2441
1986
281
529
1302
216
37
786
1492
377
1178
212
870
32
1103
152
998
167
134
288
250
1953
8
730
1344
193
23
648
516
1638
529
1096
227
1362
263
378
145
1777
641
586
180
101
73
323
26
54
224
440
359
10
912
24
107
55
329
22
212
80
898
200
159
203
1140
2066
405
52
1132
383
105
39
1132
2532
147
377
334
22
165
99
257
1312
45
658
173
59
712
202
696
137
379
2032
28
294
456
233
232
534
20
471
621
410
1604
212
83
52
4517
195
55
293
533
641
56
634
478
1222
349
623
33
83
351
116
3540
1534
154
281
979
28
156
2817
1818
141
103
872
1055
454
51
343
66
277
216
1168
1910
177
21
290
272
1118
58
249
219
55
2646
347
205
169
3450
900
176
446
111
1557
53
591
760
4
142
1238
944
77
23
28
55
55
163
1900
581
1010
1189
60
319
198
552
145
462
428
373
296
1911
163
93
15
1522
58
152
137
825
3145
1782
631
459
113
372
269
204
114
942
159
387
383
263
3
179
324
41
286
281
119
114
92
2275
38
1661
41
52
1130
1787
156
57
34
255
592
388
405
751
26
927
34
120
2157
540
659
692
1914
710
516
754
324
322
290
1004
107
168
741
141
1019
393
178
322
330
357
12
2790
480
591
297
1972
916
177
384
112
1659
299
162
719
48
299
117
2537
236
41
271
703
228
746
355
340
152
340
384
254
511
763
640
247
2265
3632
480
956
54
41
294
1065
229
1731
650
1243
331
477
120
153
1101
596
33
1077
196
165
4
10
405
554
858
164
1756
435
2492
700
178
898
195
1105
935
175
476
1007
159
84
26
1057
177
248
33
279
9
20
465
778
38
264
21
972
140
151
1345
207
112
2160
26
289
689
7543
359
1838
142
29
590
234
656
382
35
156
884
336
351
314
1363
998
4593
3731
215
218
151
119
45
1364
1773
1173
655
765
368
465
873
1468
890
831
25
167
53
513
710
286
744
585
275
160
111
31
340
4544
274
2635
192
138
57
351
348
267
1413
13
94
43
223
413
208
53
554
33
52
96
1357
653
125
1041
36
6257
628
327
118
1192
27
74
165
2392
51
193
1778
480
409
597
51
190
155
3138
751
60
389
1168
25
237
146
79
295
951
294
258
3589
99
207
41
640
223
1167
711
3833
260
44
609
2263
1456
102
175
17
103
985
204
41
652
161
152
511
1729
101
412
5085
410
480
27
1060
943
53
116
1546
41
650
452
628
107
1678
73
449
80
403
113
1102
1128
1380
761
45
4406
394
276
1527
114
264
231
268
25
460
221
540
172
44
319
808
35
1413
57
953
21
319
560
400
1497
1892
213
14
402
519
40
2091
23
85
170
222
99
1908
149
414
59
170
129
1228
412
174
158
17
213
1019
130
709
77
269
622
743
59
460
652
347
138
955
107
45
35
237
979
39
1403
328
34
44
5483
35
473
1650
42
683
1166
59
113
284
112
1395
549
262
593
817
165
282
166
175
372
893
196
282
51
3533
103
1436
146
5454
3772
548
75
203
20
521
840
7305
812
347
179
948
444
1655
147
83
222
1426
177
158
178
112
54
158
636
950
8
272
226
58
448
3671
34
799
548
9
22
1597
163
3502
217
536
1217
503
1767
456
382
532
249
31
23
4846
463
81
1549
833
93
130
229
990
231
576
756
14
175
186
132
725
586
12
196
238
15
293
20
120
1224
862
94
114
398
89
1431
113
692
283
275
753
547
538
118
353
128
178
30
694
2247
308
441
146
93
952
2454
3821
207
389
2624
714
4538
152
770
73
7231
40
1016
277
90
434
536
433
10092
108
31
33
264
500
348
268
359
730
177
562
813
339
1709
4663
974
23
583
2004
81
46
1451
152
228
34
347
445
1415
26
299
62
28
1153
343
911
96
386
1417