17
205
1100
3472
448
6
136
689
1466
162
585
38
1711
1430
158
1724
287
1500
274
1110
352
1108
385
1891
594
2248
478
1066
1537
41
3832
1714
497
388
540
913
4460
91
570
2172
31
240
1890
826
85
240
353
1500
654
1102
2089
536
53
52
85
1417
147
52
2798
976
101
157
105
98
533
21
49
151
1249
160
32
1134
819
3816
27
172
464
10
67
267
151
650
239
1481
1718
90
33
102
768
49
2220
287
177
511
138
547
1376
458
778
33
170
164
4338
397
832
260
1604
1497
494
14
817
272
685
57
387
161
2537
145
867
317
386
1409
5124
37
24
237
779
868
499
408
74
1604
391
418
4450
35
15
178
397
1173
3322
108
76
94
320
98
794
82
5
299
91
38
109
3215
281
455
321
308
512
283
1175
230
140
74
281
1104
1789
160
162
1123
46
714
438
565
438
1380
239
43
410
81
283
268
582
616
2188
891
135
230
97
37
463
113
512
54
31
469
56
388
501
38
972
694
3391
21
1673
95
636
297
180
31
53
147
1437
107
22
289
45
49
730
453
39
896
1073
1614
1764
45
178
417
155
43
7395
520
165
826
29
5388
35
190
319
1164
254
358
999
178
1315
81
13138
279
87
147
30
58
805
462
150
224
1173
2
202
1242
596
878
510
559
155
44
273
378
70
1680
140
348
104
775
20
178
355
66
944
931
58
214
171
1295
773
1052
660
409
229
120
47
232
660
878
1189
17
161
699
586
33
697
57
2696
46
83
416
108
448
20
416
317
932
866
1094
108
2840
117
312
475
347
131
1368
298
418
375
226
5
437
1582
229
1123
99
1497
20
626
2605
401
370
289
136
29
812
2671
409
2714
147
109
348
226
47
26
7
204
1103
376
829
159
698
83
225
2007
229
353
515
109
155
2175
75
201
471
1279
521
86
400
76
928
335
628
297
146
265
209
31
80
948
2967
19
102
695
254
43
58
94
521
69
553
1810
506
150
457
143
7266
25
53
110
7847
580
131
202
839
109
77
222
115
627
286
33
3272
1297
273
431
568
90
1698
2833
108
80
132
348
284
58
172
282
1137
525
443
1131
1410
169
471
26
1316
228
1007
154
21
768
758
1131
203
141
82
410
160
872
564
352
1541
200
170
1076
208
921
4419
1532
282
294
1349
102
173
461
52
255
437
234
2410
240
828
379
417
201
71
33
1568
94
386
49
54
156
317
716
43
1256
164
1413
210
149
334
55
2554
211
397
198
298
774
374
103
434
316
357
234
212
1885
5372
165
58
874
1860
2241
100
211
220
130
415
19
660
49
768
771
146
214
49
1175
176
212
1078
351
315
167
148
1408
177
386
404
272
35
1453
77
15
1771
669
167
539
44
12
41
561
692
117
1196
700
769
353
1486
1457
268
46
185
91
177
3879
397
448
521
34
1289
418
82
765
764
332
5455
787
1068
93
705
354
14
173
137
1824
374
76
440
856
216
252
392
552
1883
3235
76
204
104
81
945
1997
4018
599
141
149
262
325
1115
94
899
33
536
119
104
128
829
792
179
2781
324
349
29
326
3176
511
286
757
46
78
351
267
504
81
290
646
120
174
174
26
559
108
32
82
33
269
1438
148
388
191
1537
76
447
44
597
316
146
336
2561
84
247
863
41
540
1221
60
1512
46
2097
320
95
84
27
251
1297
207
419
3172
1178
138
1582
398
406
24
269
927
47
1073
161
252
174
91
20
263
646
4311
94
42
163
139
48
128
38
255
743
298
3353
76
119
1580
289
49
660
654
148
192
20
84
9
960
59
83
2452
1367
215
210
1782
2628
22
100
1347
111
115
719
1612
169
26
3339
298
268
468
56
296
32
460
1946
516
230
76
878
334
1217
29
1695
280
208
328
940
1715
629
1173
49
74
347
660
56
77
846
24
514
348
696
340
336
76
773
2993
87
377
50
24
23
16
831
164
1569
247
462
750
18
129
297
3571
637
133
675
93
58
176
320
211
82
358
45
77
8
88
114
236
2561
333
197
274
139
112
100
29
1725
39
3459
921
789
257
154
395
389
101
461
764
20
338
3017
23
1489
357
763
1701
385
145
283
227
41
823
895
1016
92
383
1898
477
4963
26
223
938
24
173
176
86
627
25
284
1106
861
164
282
78
86
588
343
116
99
42
287
113
208
817
4222
9
1106
211
1289
99
1582
192
94
1113
748
37
3640
1046
75
582
1452
1182
149
518
1875
263
672
80
32
1601
134
147
386
48
37
289
47
1004
566
1737
33
288
812
206
9
38
251
883
256
195
340
5242
107
6817
1615
402
679
160
290
876
618
58
104
133
169
189
1980
1463
5395
113
90
416
1439
533
220
826
120
510
111
632
166
846
440
46
298
2142
223
143
51
337
760
1466
192
577
3687
44
3709
51
139
626
10460
673
327
331
2347
441
75
373
1394
462
58
32
1111
859
49
3733
885
209
281
475
20
476
49
648