53
87
1556
118
29
142
452
5084
1105
147
59
6
220
1088
95
627
1216
5008
2001
39
420
537
278
288
1533
5593
405
657
892
32
1357
996
774
548
286
3051
960
16
337
413
383
329
693
202
193
114
919
117
1676
2794
1013
38
320
175
354
81
292
40
3146
1019
41
105
316
50
1039
42
87
442
1652
174
44
207
2268
1486
91
2620
727
508
231
136
86
376
100
918
2561
638
814
70
611
26
598
417
103
751
1050
1718
40
204
271
116
85
3986
2572
240
2299
463
958
371
960
14
228
438
4227
81
716
1848
279
180
711
223
54
132
5350
144
147
170
97
109
653
357
23
5933
334
42
2340
1315
208
1192
203
214
587
111
22
410
41
145
1374
1893
19
115
97
238
173
144
147
922
980
40
1400
79
81
298
562
14
351
2909
21
2147
218
505
267
224
356
1297
342
6855
2455
398
647
538
552
329
2074
160
4966
209
106
164
18
93
175
619
1519
45
222
532
76
668
17
313
741
97
1018
152
1050
427
1076
212
470
16
31
50
142
887
157
1482
612
93
1254
40
276
744
90
568
1002
74
29
168
475
30
13785
1470
389
48
226
2330
10
59
7
192
76
158
1355
93
354
48
1404
1000
950
90
163
145
966
15
1171
85
192
63
27
1132
179
92
2193
420
390
223
199
90
31
160
28
223
583
30
43
647
24
177
96
324
162
1177
56
923
582
173
394
1429
12
154
48
317
274
112
649
85
347
443
316
582
1520
1006
570
151
83
12
35
1016
77
350
502
740
2172
491
359
742
726
340
59
530
56
2609
23
890
65
531
37
3675
43
14
294
559
82
32
343
910
2032
527
60
20
49
91
201
1732
95
502
946
4884
26
635
34
855
600
5731
382
1520
831
551
30
74
56
163
569
100
133
815
346
345
607
660
285
209
156
377
58
794
59
2077
403
17
351
177
529
186
1792
1639
346
1192
2956
818
41
309
230
80
41
167
1057
238
238
494
47
4071
12
776
55
1531
760
1420
214
283
208
94
676
149
119
28
102
275
1427
234
284
299
939
668
2474
111
100
2232
16
53
284
14
85
280
1484
91
894
129
11
576
93
625
78
346
113
268
210
3815
2394
234
96
1330
135
166
113
145
89
4127
56
100
23
1824
414
407
446
1364
151
729
2147
257
118
1002
498
111
685
489
154
438
99
47
103
47
74
1175
211
178
29
169
156
953
179
94
233
82
17
251
42
357
58
150
354
54
293
144
418
447
17
33
15
199
1422
105
988
4758
568
211
747
1873
3607
532
166
60
52
1257
58
320
103
1425
24
532
139
53
2155
443
38
8124
249
225
231
239
171
1282
236
622
3886
273
559
99
26
3360
23
148
643
55
225
284
101
769
499
382
264
2758
240
38
530
535
58
219
178
471
1154
2410
44
339
531
150
326
359
29
754
59
3429
880
1194
296
995
165
278
442
229
466
344
216
776
296
166
1792
1547
319
1811
73
97
281
233
95
696
315
563
573
980
156
889
139
2593
48
50
44
898
25
105
878
254
233
35
825
1192
157
329
26
6630
1060
590
712
23
56
85
101
215
180
90
175
390
743
366
30
165
1175
46
167
51
86
874
18
1379
219
5174
178
208
151
3059
193
155
443
152
23
1739
526
251
2384
391
211
1523
11
415
120
347
228
137
335
628
530
229
4352
25
93
681
1395
156
56
68
656
925
228
540
240
470
97
130
1601
3736
4628
34
40
25
656
39
382
1591
86
1295
444
328
12
111
1758
25
2251
88
1162
571
44
155
34
4
537
710
321
2961
337
270
308
827
117
87
1779
3943
639
762
152
2094
233
134
757
536
408
161
21
140
555
236
888
195
796
377
756
170
921
308
833
353
49
369
1187
2623
1759
813
157
27
1470
651
263
86
343
399
654
75
2716
352
712
42
329
4197
1342
581
180
136
55
324
102
74
3034
108
521
43
444
452
54
1598
81
279
798
165
41
18
209
900
88
137
148
30
458
2019
90
259
595
58
78
345
343
28
16
86
600
83
530
1966
767
288
806
2663
1450
284
264
227
13
455
7539
52
513
2322
926
101
434
521
217
46
40
766
1783
40
36
523
1288
1226
323
9
985
234
460
29
49
45
3317
239
74
136
778
58
1610
48
358
110
58
240
365
158
523
91
162
228
1075
209
165
897
513
537
2383
294
950
318
347
228
1371
37
649
11792
1967
674
413
12
3170
584
431
47
34
1558
199
29
1799
11
389
79
315
1508
1059
575
347
520
225
19
79
1541
86
1255
439
1777
44
2439
203
1013
204
53
740
92
312
694
166
589
276
146
12
101
374
582
143
227
309
1350
104
1538
99
158
60
1001
27
999
398
20
179
271
283
5471
1726
507
36
229
1432
73
699
116
5313
410
20
428
1736
519
807
147
708
127
115
267
175
355
1303
489
96
28
1609
76
527
298
1289
196
93
119
2515
412
33
438