445
210
2922
1456
218
690
73
519
3057
28
233
111
2378
108
100
354
230
208
165
217
460
639
235
1288
217
957
399
180
881
109
2596
170
164
42
610
1018
1920
30
569
1025
403
131
3392
463
18
859
97
8
686
765
68
43
456
9
213
176
31
260
1374
986
713
222
49
203
416
18
101
142
1060
224
827
149
193
5338
47
1225
835
291
90
228
1973
151
274
3264
2110
93
331
54
30
236
1493
1411
6
239
3136
157
1335
878
258
642
524
379
999
17
1350
200
553
296
73
218
89
86
691
631
166
981
625
72
2672
1897
40
596
1793
129
351
39
288
415
47
17
27
2563
144
102
3591
436
14
1363
48
546
452
400
70
55
191
240
233
518
97
19
227
51
160
3574
56
154
508
117
240
144
351
32
192
85
96
658
2801
560
82
80
24
4249
416
528
384
974
1957
211
711
4830
578
88
134
701
1341
255
141
685
88
287
2807
472
26
200
167
919
144
1959
868
629
96
100
1911
90
296
54
672
31
826
49
74
113
452
397
155
1048
6
88
884
29
253
409
180
2735
376
25
472
172
47
23
3355
1676
138
693
133
1014
53
1192
42
529
78
25
170
219
456
86
397
357
86
165
512
94
463
692
1067
143
931
38
187
1841
458
29
101
46
272
2200
177
470
91
3133
80
160
85
200
138
191
345
1053
837
2472
169
1227
76
125
406
690
1531
474
872
822
358
56
174
776
4439
39
213
533
95
159
2964
738
46
45
256
52
31
231
31
352
276
83
378
184
30
107
459
31
897
370
274
770
158
767
1235
132
88
1233
2743
21
1997
161
557
110
179
930
1230
165
447
265
14
1106
15
203
461
108
169
171
206
120
2310
236
161
1368
296
1750
1253
111
292
93
199
777
2114
48
83
13
237
592
2970
168
388
335
72
583
227
321
217
647
2717
175
750
53
23
210
13
754
14
431
8457
403
24
511
47
1057
89
1530
351
286
291
76
5
1108
112
133
134
150
86
156
492
340
149
11
60
517
297
98
96
2059
4668
620
1187
198
259
171
203
68
142
239
329
344
149
1041
104
22
1544
226
138
1004
325
476
15
176
16
1226
38
349
562
169
4292
119
43
45
1564
404
705
99
1497
2476
238
75
3451
1079
319
470
1512
299
94
764
414
12
54
299
647
133
2366
4157
455
649
382
25
411
428
92
3700
6
396
113
100
879
323
167
103
170
36
400
471
85
1356
520
19
52
110
75
1421
387
151
47
525
115
54
339
273
220
719
97
254
1692
518
629
207
163
262
572
1222
87
233
148
1274
824
54
235
720
3261
235
197
258
251
64
175
755
341
796
1534
232
1723
1114
507
158
86
5565
2809
2608
1724
75
60
100
112
102
386
117
52
1544
94
341
107
229
23
641
51
120
84
35
18
415
32
883
170
16
751
48
1398
164
274
150
111
27
1528
86
385
151
1287
97
81
406
4297
220
534
1049
4960
1112
1657
340
149
94
131
794
7734
420
805
120
880
26
338
465
161
385
52
525
360
82
3583
130
175
396
1098
388
347
51
36
220
10
1389
58
168
51
414
415
377
1174
98
618
151
14
151
756
67
946
409
53
21
16
3401
36
286
219
8788
56
76
231
1656
1836
281
101
1042
9
2366
185
235
2922
1645
600
1057
86
1110
976
288
751
4248
59
708
228
406
465
101
264
324
959
93
406
84
120
997
290
531
711
995
98
195
480
396
13
10
161
500
46
42
942
1294
512
2864
334
40
78
70
1071
272
225
48
637
487
644
109
569
5
1238
92
407
1498
418
519
652
211
1310
60
817
9494
163
44
1540
748
418
111
116
337
83
509
418
177
226
861
258
89
880
568
94
28
380
23
96
313
18
316
2586
1052
537
337
96
492
530
706
3837
8
80
130
406
132
4736
209
946
272
1159
2737
187
102
228
233
41
45
5603
290
5958
167
394
617
267
2747
137
1821
33
109
37
136
95
235
110
82
771
399
153
176
47
3616
43
801
3975
798
119
104
40
201
31
41
24
85
1295
22
1036
322
1793
1130
262
667
15
796
22
86
269
344
384
805
882
234
284
554
142
42
30
2023
2625
164
345
78
7479
87
257
58
506
1077
577
50
19
168
2365
149
567
565
50
7
529
67
48
92
1837
110
117
265
2912
25
581
113
4526
762
240
1515
28
720
3914
580
537
2324
1040
46
2255
274
53
3997
468
118
185
56
329
736
1958
150
147
326
191
2652
922
115
151
2146
114
1470
204
567
145
101
1100
35
577
561
75
4181
258
510
108
553
409
2961
89
83
142
174
56
330
388
1305
284
1093
25
570
11
2248
3945
384
78
175
74
2073
145
356
31
26
87
236
766
616
389
820
7
78
393
204
34
490
43
161
332
21
3950
791
282
345
229
87
695
2291
386
631
447
237
553
4126
1245
78
13
72
334
3642
200
831
727
476
928
169
45
341
135
400