91
237
88
516
222
39
38
1131
1884
585
337
106
1183
261
219
682
530
2053
953
448
418
592
574
111
1290
472
34
48
135
460
1176
228
1369
13
432
160
1887
151
1158
1048
402
436
936
688
137
91
448
775
467
179
266
333
318
8
144
1073
180
214
319
970
199
915
18
680
354
153
30
445
384
55
291
148
1315
2305
19
2424
115
136
102
52
254
57
146
333
2416
151
250
16
198
461
1129
57
523
1855
588
4611
213
351
120
879
42
147
1303
105
1910
2395
231
778
1764
15
35
530
733
927
45
613
3014
24
2194
709
312
462
317
82
170
1651
408
256
478
179
56
2542
140
59
2981
320
40
1778
90
714
971
114
37
51
1186
189
46
731
334
535
84
292
185
1611
110
677
322
207
360
112
410
224
275
6
28
2211
590
714
18
149
1060
4851
480
130
265
3763
104
884
98
117
652
56
3193
338
106
220
371
877
96
84
1080
1541
1533
180
36
101
1965
1287
464
388
448
20
503
57
222
591
4286
120
3855
93
117
89
989
234
111
775
113
169
453
451
45
459
969
416
23
230
82
97
176
43
911
1965
80
22
17
521
27
911
6
45
263
1354
756
332
1889
54
2209
202
33
657
2751
108
1179
140
586
159
239
588
49
711
467
1522
672
142
309
169
555
139
34
1420
92
43
351
165
45
196
16
474
1009
1729
355
30
413
652
381
565
1435
257
460
1598
296
526
176
169
1666
85
37
756
393
388
1901
29
2390
264
81
278
269
39
40
110
1468
839
29
110
980
857
995
32
215
448
460
1586
356
1365
704
1222
178
2780
1064
660
3240
813
1134
310
354
819
1247
813
267
96
22
20
619
2980
1125
102
1348
1481
43
17
13
567
147
1529
133
502
474
74
711
76
10
120
860
919
223
266
534
1242
2206
409
94
284
34
2997
13
412
48
911
2170
71
664
290
877
474
1121
522
25
1111
2870
150
626
35
1093
219
21
3738
957
154
514
2061
195
874
13
81
293
378
289
2575
170
356
382
49
157
1050
378
353
20
1191
139
2100
46
31
332
222
36
446
23
565
40
98
22
531
81
233
1730
83
342
91
414
33
38
37
312
1372
130
33
111
745
29
28
58
26
1438
1724
60
896
144
7091
42
712
2657
503
31
698
405
393
418
38
568
18
276
293
380
46
1851
936
256
118
495
44
144
380
32
854
21
84
235
471
343
285
1048
341
2435
504
101
12
24
34
49
2801
141
137
101
1467
8
743
205
109
870
132
28
614
2342
296
320
115
52
5212
692
353
313
33
795
267
149
764
258
1545
25
209
22
74
1074
358
32
2032
231
276
408
26
142
2272
952
112
2000
454
323
1009
119
1634
2271
313
537
88
110
1007
432
394
180
1605
42
258
156
43
32
440
83
290
93
107
566
336
326
84
444
223
96
597
393
32
51
3631
66
683
167
163
210
166
44
82
1733
380
324
262
169
522
1842
4286
988
411
593
77
27
98
260
294
2155
796
289
226
447
53
1017
1691
1011
199
151
2157
294
25
436
153
930
115
868
464
86
347
148
2198
480
2449
291
258
324
73
192
922
160
30
326
281
43
41
1844
4339
873
392
99
20
129
1064
71
467
108
6637
209
617
7
258
407
160
132
1020
17
1005
1174
624
765
735
109
1416
115
296
109
118
54
326
70
106
201
294
3094
438
534
391
477
82
110
87
374
3118
1900
74
515
8
27
130
98
4378
4956
199
209
83
236
27
511
55
350
649
105
137
79
72
4996
2814
1650
282
258
764
106
30
497
38
622
177
238
2567
159
177
321
462
1193
282
756
2076
291
107
621
1177
263
338
3027
156
485
142
53
111
1057
475
174
328
597
1536
113
236
33
526
3478
48
118
2353
1214
3345
252
226
25
855
677
776
217
500
254
69
100
13
4635
197
147
59
398
81
594
470
25
91
37
18
1302
506
3755
34
849
77
805
1649
410
209
419
1296
51
295
139
21
284
700
219
1314
149
628
216
555
25
357
1659
226
203
95
108
12
114
49
379
299
164
345
523
22
717
1608
51
237
260
412
343
825
2123
40
1294
1427
696
60
115
85
1102
16
107
938
1994
92
1492
462
2362
464
5138
30
31
165
152
143
118
114
492
15
250
188
1009
38
175
259
103
539
4604
19
698
213
1764
176
775
336
5663
454
1301
698
799
75
299
106
55
751
216
67
530
458
138
388
636
171
84
75
631
347
840
164
83
419
46
2099
78
107
73
3864
179
100
13
876
156
532
983
200
49
468
152
3838
38
148
233
57
71
822
626
51
199
8
642
229
385
116
22
270
503
60
2776
1043
2719
369
26
43
59
1572
18
7
115
2204
71
387
40
564
54
25
104
4602
98
226
99
115
217
1286
2242
225
777
709
12818
435
84
190
389
360
279
60
574
108
880
1159
346
38
32
114
789
568
19
1173
390
279
702
194
21
171
161
2056